% Generated by: ../scripts/flowoutput2dzn.py -u ../data//berlin_center/berlin_center_subsets.err ../data/berlin_center/berlin_center_mods.txt ../data/berlin_center/berlin_center_fw.err ../data/berlin_center/berlin_center_individual.err ../data/berlin_center/berlin_center_pairwise.err 10000000.0
% On: 31Aug2011 16:20:48
n = 9;
Budget = 10000000.0;
upgradeName = ["ber01", "ber02", "ber03", "ber04", "ber05", "ber06", "ber06a", "ber10", "ber10a"];
cost = [300000.0, 1000000.0, 800000.0, 2500000.0, 2000000.0, 3999999.8699999973, 8000001.98, 1199999.97, 8700000.0];
benefitVHT = [274.46513445675373, 6247.876212455332, 31975.505241457373, 5912.755644455552, 5779.809787455946, 20242.872779455036, 93334.36154945567, 34071.17989745736, 18768.319419454783];
PairMinusSumVHT = [| -274.465134457, 9.42699554563, -8.5978804566, -3.77854745463, -8.4827754572, 1.5886015445, -18.8924934566, -1.44819345698, -3.26943545416, 
| 9.42699554563, -6247.87621246, 24.9299955443, 30.849685546, 18.3480475433, 31.1830115467, 23.7683485448, 28.958761543, 32.7296505459, 
| -8.5978804566, 24.9299955443, -31975.5052415, 1530.92425354, 1506.36632054, 6203.49291055, -13440.7194335, -5.88972146064, -2.32433745638, 
| -3.77854745463, 30.849685546, 1530.92425354, -5912.75564446, 103.772901546, 5725.33440055, -1821.09958046, 14.020680543, -2.94929445535, 
| -8.4827754572, 18.3480475433, 1506.36632054, 103.772901546, -5779.80978746, 8432.80596054, -2284.05223646, -16.0964444578, -4.90198345482, 
| 1.5886015445, 31.1830115467, 6203.49291055, 5725.33440055, 8432.80596054, -20242.8727795, -5080.49589245, -23.4332384579, 2.60125254467, 
| -18.8924934566, 23.7683485448, -13440.7194335, -1821.09958046, -2284.05223646, -5080.49589245, -93334.3615495, -42.7363694571, -12.7112004533, 
| -1.44819345698, 28.958761543, -5.88972146064, 14.020680543, -16.0964444578, -23.4332384579, -42.7363694571, -34071.1798975, -7427.25243846, 
| -3.26943545416, 32.7296505459, -2.32433745638, -2.94929445535, -4.90198345482, 2.60125254467, -12.7112004533, -7427.25243846, -18768.3194195, 
|];

TripleMinusSumVHT_list = %array3d(Upgrades,Upgrades,Upgrades);
[
0.0, 0.0, 0.0, 0.0, 0.0, 0.0, 0.0, 0.0, 0.0, 
0.0, 0.0, -3.9645235464, -9.0977665484, -15.6112425439, -21.9917345494, 19.3491424546, -31.464556545, -25.8529075496, 
0.0, -3.9645235464, 0.0, -14.7561055459, 14.3228764571, -18.8580385447, 13.8881394565, -20.0064155422, 3.79211045429, 
0.0, -9.0977665484, -14.7561055459, 0.0, -3.07445054501, 6.14317345247, 42.4960754551, -31.296190545, -5.7336165458, 
0.0, -15.6112425439, 14.3228764571, -3.07445054501, 0.0, -7.96176454425, 26.4152014591, 15.4517384581, 13.6152784564, 
0.0, -21.9917345494, -18.8580385447, 6.14317345247, -7.96176454425, 0.0, 8.11810245365, 35.3803574555, -8.18822554499, 
0.0, 19.3491424546, 13.8881394565, 42.4960754551, 26.4152014591, 8.11810245365, 0.0, 35.6003304571, 6.78347945213, 
0.0, -31.464556545, -20.0064155422, -31.296190545, 15.4517384581, 35.3803574555, 35.6003304571, 0.0, 25.7191314548, 
0.0, -25.8529075496, 3.79211045429, -5.7336165458, 13.6152784564, -8.18822554499, 6.78347945213, 25.7191314548, 0.0, 

0.0, 0.0, -3.9645235464, -9.0977665484, -15.6112425439, -21.9917345494, 19.3491424546, -31.464556545, -25.8529075496, 
0.0, 0.0, 0.0, 0.0, 0.0, 0.0, 0.0, 0.0, 0.0, 
-3.9645235464, 0.0, 0.0, -38.1238995455, -32.9733425416, -40.9597535469, -21.5061875433, -19.6670385413, -55.2181255445, 
-9.0977665484, 0.0, -38.1238995455, 0.0, -22.6890005469, -13.4166005477, -5.28071854636, -61.9829865433, -31.3504555449, 
-15.6112425439, 0.0, -32.9733425416, -22.6890005469, 0.0, -20.6845275424, -3.60298154131, -4.29410954192, -44.837185543, 
-21.9917345494, 0.0, -40.9597535469, -13.4166005477, -20.6845275424, 0.0, -34.1699125469, 12.1389694549, -23.7388655469, 
19.3491424546, 0.0, -21.5061875433, -5.28071854636, -3.60298154131, -34.1699125469, 0.0, -15.8527745418, -33.7069475465, 
-31.464556545, 0.0, -19.6670385413, -61.9829865433, -4.29410954192, 12.1389694549, -15.8527745418, 0.0, -5.11652154475, 
-25.8529075496, 0.0, -55.2181255445, -31.3504555449, -44.837185543, -23.7388655469, -33.7069475465, -5.11652154475, 0.0, 

0.0, -3.9645235464, 0.0, -14.7561055459, 14.3228764571, -18.8580385447, 13.8881394565, -20.0064155422, 3.79211045429, 
-3.9645235464, 0.0, 0.0, -38.1238995455, -32.9733425416, -40.9597535469, -21.5061875433, -19.6670385413, -55.2181255445, 
0.0, 0.0, 0.0, 0.0, 0.0, 0.0, 0.0, 0.0, 0.0, 
-14.7561055459, -38.1238995455, 0.0, 0.0, -16.7582425438, 2722.01711746, 375.451890457, -10.3549595401, 18.6098844595, 
14.3228764571, -32.9733425416, 0.0, -16.7582425438, 0.0, -3129.14160554, -2259.71721654, 12.3097644597, -20.1944295429, 
-18.8580385447, -40.9597535469, 0.0, 2722.01711746, -3129.14160554, 0.0, -6033.21588155, 12.0509864576, -13.3357445449, 
13.8881394565, -21.5061875433, 0.0, 375.451890457, -2259.71721654, -6033.21588155, 0.0, 37.7637954615, 5.0769434534, 
-20.0064155422, -19.6670385413, 0.0, -10.3549595401, 12.3097644597, 12.0509864576, 37.7637954615, 0.0, -4.42623253912, 
3.79211045429, -55.2181255445, 0.0, 18.6098844595, -20.1944295429, -13.3357445449, 5.0769434534, -4.42623253912, 0.0, 

0.0, -9.0977665484, -14.7561055459, 0.0, -3.07445054501, 6.14317345247, 42.4960754551, -31.296190545, -5.7336165458, 
-9.0977665484, 0.0, -38.1238995455, 0.0, -22.6890005469, -13.4166005477, -5.28071854636, -61.9829865433, -31.3504555449, 
-14.7561055459, -38.1238995455, 0.0, 0.0, -16.7582425438, 2722.01711746, 375.451890457, -10.3549595401, 18.6098844595, 
0.0, 0.0, 0.0, 0.0, 0.0, 0.0, 0.0, 0.0, 0.0, 
-3.07445054501, -22.6890005469, -16.7582425438, 0.0, 0.0, 229.269493453, -92.4500945471, 0.853379454464, 3.08732645214, 
6.14317345247, -13.4166005477, 2722.01711746, 0.0, 229.269493453, 0.0, -3394.97263755, 27.8643374555, -1.50692954287, 
42.4960754551, -5.28071854636, 375.451890457, 0.0, -92.4500945471, -3394.97263755, 0.0, 34.419286456, 26.0743284523, 
-31.296190545, -61.9829865433, -10.3549595401, 0.0, 0.853379454464, 27.8643374555, 34.419286456, 0.0, -0.38059554249, 
-5.7336165458, -31.3504555449, 18.6098844595, 0.0, 3.08732645214, -1.50692954287, 26.0743284523, -0.38059554249, 0.0, 

0.0, -15.6112425439, 14.3228764571, -3.07445054501, 0.0, -7.96176454425, 26.4152014591, 15.4517384581, 13.6152784564, 
-15.6112425439, 0.0, -32.9733425416, -22.6890005469, 0.0, -20.6845275424, -3.60298154131, -4.29410954192, -44.837185543, 
14.3228764571, -32.9733425416, 0.0, -16.7582425438, 0.0, -3129.14160554, -2259.71721654, 12.3097644597, -20.1944295429, 
-3.07445054501, -22.6890005469, -16.7582425438, 0.0, 0.0, 229.269493453, -92.4500945471, 0.853379454464, 3.08732645214, 
0.0, 0.0, 0.0, 0.0, 0.0, 0.0, 0.0, 0.0, 0.0, 
-7.96176454425, -20.6845275424, -3129.14160554, 229.269493453, 0.0, 0.0, -7550.00923854, 24.8098374605, -17.8510985449, 
26.4152014591, -3.60298154131, -2259.71721654, -92.4500945471, 0.0, -7550.00923854, 0.0, 57.3295094594, 12.6230864525, 
15.4517384581, -4.29410954192, 12.3097644597, 0.853379454464, 0.0, 24.8098374605, 57.3295094594, 0.0, 10.7283514552, 
13.6152784564, -44.837185543, -20.1944295429, 3.08732645214, 0.0, -17.8510985449, 12.6230864525, 10.7283514552, 0.0, 

0.0, -21.9917345494, -18.8580385447, 6.14317345247, -7.96176454425, 0.0, 8.11810245365, 35.3803574555, -8.18822554499, 
-21.9917345494, 0.0, -40.9597535469, -13.4166005477, -20.6845275424, 0.0, -34.1699125469, 12.1389694549, -23.7388655469, 
-18.8580385447, -40.9597535469, 0.0, 2722.01711746, -3129.14160554, 0.0, -6033.21588155, 12.0509864576, -13.3357445449, 
6.14317345247, -13.4166005477, 2722.01711746, 0.0, 229.269493453, 0.0, -3394.97263755, 27.8643374555, -1.50692954287, 
-7.96176454425, -20.6845275424, -3129.14160554, 229.269493453, 0.0, 0.0, -7550.00923854, 24.8098374605, -17.8510985449, 
0.0, 0.0, 0.0, 0.0, 0.0, 0.0, 0.0, 0.0, 0.0, 
8.11810245365, -34.1699125469, -6033.21588155, -3394.97263755, -7550.00923854, 0.0, 0.0, 45.481601458, -24.1136385463, 
35.3803574555, 12.1389694549, 12.0509864576, 27.8643374555, 24.8098374605, 0.0, 45.481601458, 0.0, 33.1632114574, 
-8.18822554499, -23.7388655469, -13.3357445449, -1.50692954287, -17.8510985449, 0.0, -24.1136385463, 33.1632114574, 0.0, 

0.0, 19.3491424546, 13.8881394565, 42.4960754551, 26.4152014591, 8.11810245365, 0.0, 35.6003304571, 6.78347945213, 
19.3491424546, 0.0, -21.5061875433, -5.28071854636, -3.60298154131, -34.1699125469, 0.0, -15.8527745418, -33.7069475465, 
13.8881394565, -21.5061875433, 0.0, 375.451890457, -2259.71721654, -6033.21588155, 0.0, 37.7637954615, 5.0769434534, 
42.4960754551, -5.28071854636, 375.451890457, 0.0, -92.4500945471, -3394.97263755, 0.0, 34.419286456, 26.0743284523, 
26.4152014591, -3.60298154131, -2259.71721654, -92.4500945471, 0.0, -7550.00923854, 0.0, 57.3295094594, 12.6230864525, 
8.11810245365, -34.1699125469, -6033.21588155, -3394.97263755, -7550.00923854, 0.0, 0.0, 45.481601458, -24.1136385463, 
0.0, 0.0, 0.0, 0.0, 0.0, 0.0, 0.0, 0.0, 0.0, 
35.6003304571, -15.8527745418, 37.7637954615, 34.419286456, 57.3295094594, 45.481601458, 0.0, 0.0, 65.7392624542, 
6.78347945213, -33.7069475465, 5.0769434534, 26.0743284523, 12.6230864525, -24.1136385463, 0.0, 65.7392624542, 0.0, 

0.0, -31.464556545, -20.0064155422, -31.296190545, 15.4517384581, 35.3803574555, 35.6003304571, 0.0, 25.7191314548, 
-31.464556545, 0.0, -19.6670385413, -61.9829865433, -4.29410954192, 12.1389694549, -15.8527745418, 0.0, -5.11652154475, 
-20.0064155422, -19.6670385413, 0.0, -10.3549595401, 12.3097644597, 12.0509864576, 37.7637954615, 0.0, -4.42623253912, 
-31.296190545, -61.9829865433, -10.3549595401, 0.0, 0.853379454464, 27.8643374555, 34.419286456, 0.0, -0.38059554249, 
15.4517384581, -4.29410954192, 12.3097644597, 0.853379454464, 0.0, 24.8098374605, 57.3295094594, 0.0, 10.7283514552, 
35.3803574555, 12.1389694549, 12.0509864576, 27.8643374555, 24.8098374605, 0.0, 45.481601458, 0.0, 33.1632114574, 
35.6003304571, -15.8527745418, 37.7637954615, 34.419286456, 57.3295094594, 45.481601458, 0.0, 0.0, 65.7392624542, 
0.0, 0.0, 0.0, 0.0, 0.0, 0.0, 0.0, 0.0, 0.0, 
25.7191314548, -5.11652154475, -4.42623253912, -0.38059554249, 10.7283514552, 33.1632114574, 65.7392624542, 0.0, 0.0, 

0.0, -25.8529075496, 3.79211045429, -5.7336165458, 13.6152784564, -8.18822554499, 6.78347945213, 25.7191314548, 0.0, 
-25.8529075496, 0.0, -55.2181255445, -31.3504555449, -44.837185543, -23.7388655469, -33.7069475465, -5.11652154475, 0.0, 
3.79211045429, -55.2181255445, 0.0, 18.6098844595, -20.1944295429, -13.3357445449, 5.0769434534, -4.42623253912, 0.0, 
-5.7336165458, -31.3504555449, 18.6098844595, 0.0, 3.08732645214, -1.50692954287, 26.0743284523, -0.38059554249, 0.0, 
13.6152784564, -44.837185543, -20.1944295429, 3.08732645214, 0.0, -17.8510985449, 12.6230864525, 10.7283514552, 0.0, 
-8.18822554499, -23.7388655469, -13.3357445449, -1.50692954287, -17.8510985449, 0.0, -24.1136385463, 33.1632114574, 0.0, 
6.78347945213, -33.7069475465, 5.0769434534, 26.0743284523, 12.6230864525, -24.1136385463, 0.0, 65.7392624542, 0.0, 
25.7191314548, -5.11652154475, -4.42623253912, -0.38059554249, 10.7283514552, 33.1632114574, 65.7392624542, 0.0, 0.0, 
0.0, 0.0, 0.0, 0.0, 0.0, 0.0, 0.0, 0.0, 0.0, 

];
