% Generated by: ../scripts/flowoutput2dzn.py -u ../tap/results/ChicagoRegional_mods_subsets.err ../tap/ChicagoRegional_mods.txt ../tap/results/ChicagoRegional_fw_out.txt ../tap/results/ChicagoRegional_mods_goliath.err ../tap/results/ChicagoRegional_pairwise.err 10000000
% On: 31Aug2011 15:51:09
n = 8;
Budget = 10000000.0;
upgradeName = ["03_02_9005", "03_03_0101", "03_95_0001", "03_96_0024", "07_06_0014", "07_94_0027", "07_96_0013", "07_97_0055"];
cost = [999999.0, 465000.0, 4000000.0, 999999.99, 472000.0, 700000.0, 748000.0, 3999999.96];
benefitVHT = [-0.5026852339506149, 449.896392762661, 21673.425683759153, -16.351713240146637, 3539.874763764441, 153.58086375892162, 16824.598733760417, 3371.9464937597513];
PairMinusSumVHT = [| 0.502685233951, -4.74426476657, -12.5116507635, 23.8368512392, -0.240038767457, 11.3576822355, 3.90917623788, -5.50646775961, 
| -4.74426476657, -449.896392763, 40.3787162378, 19.5073902383, -2.809694767, 9.59424123913, 5.05793923885, -7.37938375771, 
| -12.5116507635, 40.3787162378, -21673.4256838, 29.5174982399, 5.56441123784, -2.45162275434, 84.8831902444, -7.48790175468, 
| 23.8368512392, 19.5073902383, 29.5174982399, 16.3517132401, 27.321604237, 31.2198802456, 23.0903162435, 30.6091502458, 
| -0.240038767457, -2.809694767, 5.56441123784, 27.321604237, -3539.87476376, 4.73170424253, 186.674283236, 65.7744162381, 
| 11.3576822355, 9.59424123913, -2.45162275434, 31.2198802456, 4.73170424253, -153.580863759, 3279.94051725, 54.1082102433, 
| 3.90917623788, 5.05793923885, 84.8831902444, 23.0903162435, 186.674283236, 3279.94051725, -16824.5987338, -82.4402737543, 
| -5.50646775961, -7.37938375771, -7.48790175468, 30.6091502458, 65.7744162381, 54.1082102433, -82.4402737543, -3371.94649376, 
|];

TripleMinusSumVHT_list = %array3d(Upgrades,Upgrades,Upgrades);
[
0.0, 0.0, 0.0, 0.0, 0.0, 0.0, 0.0, 0.0, 
0.0, 0.0, 39.798089765, -23.5734682381, 14.7789857686, -13.9965392351, 18.7037507668, 25.9055267572, 
0.0, 39.798089765, 0.0, -35.6043012366, 18.9379087687, 10.5140667632, 18.0566967577, 9.38155075163, 
0.0, -23.5734682381, -35.6043012366, 0.0, -40.9358592331, -49.3601592407, -10.4216982424, -18.6545312479, 
0.0, 14.7789857686, 18.9379087687, -40.9358592331, 0.0, -3.21760323644, 7.94071176648, 0.82949975878, 
0.0, -13.9965392351, 10.5140667632, -49.3601592407, -3.21760323644, 0.0, -17.4856182411, -42.3238632381, 
0.0, 18.7037507668, 18.0566967577, -10.4216982424, 7.94071176648, -17.4856182411, 0.0, -1.2322742492, 
0.0, 25.9055267572, 9.38155075163, -18.6545312479, 0.82949975878, -42.3238632381, -1.2322742492, 0.0, 

0.0, 0.0, 39.798089765, -23.5734682381, 14.7789857686, -13.9965392351, 18.7037507668, 25.9055267572, 
0.0, 0.0, 0.0, 0.0, 0.0, 0.0, 0.0, 0.0, 
39.798089765, 0.0, 0.0, -18.5608622357, 47.707524769, 51.4697477594, 17.6669927612, 40.1113647521, 
-23.5734682381, 0.0, -18.5608622357, 0.0, -14.3438162357, -43.6662592441, -15.6142472401, 0.828863754869, 
14.7789857686, 0.0, 47.707524769, -14.3438162357, 0.0, -8.323514238, 12.8674507663, 13.1559347659, 
-13.9965392351, 0.0, 51.4697477594, -43.6662592441, -8.323514238, 0.0, -13.8899272457, -2.00252124667, 
18.7037507668, 0.0, 17.6669927612, -15.6142472401, 12.8674507663, -13.8899272457, 0.0, 7.67785175145, 
25.9055267572, 0.0, 40.1113647521, 0.828863754869, 13.1559347659, -2.00252124667, 7.67785175145, 0.0, 

0.0, 39.798089765, 0.0, -35.6043012366, 18.9379087687, 10.5140667632, 18.0566967577, 9.38155075163, 
39.798089765, 0.0, 0.0, -18.5608622357, 47.707524769, 51.4697477594, 17.6669927612, 40.1113647521, 
0.0, 0.0, 0.0, 0.0, 0.0, 0.0, 0.0, 0.0, 
-35.6043012366, -18.5608622357, 0.0, 0.0, -16.837154232, -10.8011322469, -20.8528652415, -17.448818244, 
18.9379087687, 47.707524769, 0.0, -16.837154232, 0.0, -3.30172024667, -10.4105172381, -3.25720924139, 
10.5140667632, 51.4697477594, 0.0, -10.8011322469, -3.30172024667, 0.0, -21.7838752493, -19.8121272475, 
18.0566967577, 17.6669927612, 0.0, -20.8528652415, -10.4105172381, -21.7838752493, 0.0, -69.7957292497, 
9.38155075163, 40.1113647521, 0.0, -17.448818244, -3.25720924139, -19.8121272475, -69.7957292497, 0.0, 

0.0, -23.5734682381, -35.6043012366, 0.0, -40.9358592331, -49.3601592407, -10.4216982424, -18.6545312479, 
-23.5734682381, 0.0, -18.5608622357, 0.0, -14.3438162357, -43.6662592441, -15.6142472401, 0.828863754869, 
-35.6043012366, -18.5608622357, 0.0, 0.0, -16.837154232, -10.8011322469, -20.8528652415, -17.448818244, 
0.0, 0.0, 0.0, 0.0, 0.0, 0.0, 0.0, 0.0, 
-40.9358592331, -14.3438162357, -16.837154232, 0.0, 0.0, -42.2506842464, -7.89678423852, -22.8097332418, 
-49.3601592407, -43.6662592441, -10.8011322469, 0.0, -42.2506842464, 0.0, -47.4179332554, -50.4137602523, 
-10.4216982424, -15.6142472401, -20.8528652415, 0.0, -7.89678423852, -47.4179332554, 0.0, -33.8774332553, 
-18.6545312479, 0.828863754869, -17.448818244, 0.0, -22.8097332418, -50.4137602523, -33.8774332553, 0.0, 

0.0, 14.7789857686, 18.9379087687, -40.9358592331, 0.0, -3.21760323644, 7.94071176648, 0.82949975878, 
14.7789857686, 0.0, 47.707524769, -14.3438162357, 0.0, -8.323514238, 12.8674507663, 13.1559347659, 
18.9379087687, 47.707524769, 0.0, -16.837154232, 0.0, -3.30172024667, -10.4105172381, -3.25720924139, 
-40.9358592331, -14.3438162357, -16.837154232, 0.0, 0.0, -42.2506842464, -7.89678423852, -22.8097332418, 
0.0, 0.0, 0.0, 0.0, 0.0, 0.0, 0.0, 0.0, 
-3.21760323644, -8.323514238, -3.30172024667, -42.2506842464, 0.0, 0.0, 661.28497275, 45.593141757, 
7.94071176648, 12.8674507663, -10.4105172381, -7.89678423852, 0.0, 661.28497275, 0.0, 54.078907758, 
0.82949975878, 13.1559347659, -3.25720924139, -22.8097332418, 0.0, 45.593141757, 54.078907758, 0.0, 

0.0, -13.9965392351, 10.5140667632, -49.3601592407, -3.21760323644, 0.0, -17.4856182411, -42.3238632381, 
-13.9965392351, 0.0, 51.4697477594, -43.6662592441, -8.323514238, 0.0, -13.8899272457, -2.00252124667, 
10.5140667632, 51.4697477594, 0.0, -10.8011322469, -3.30172024667, 0.0, -21.7838752493, -19.8121272475, 
-49.3601592407, -43.6662592441, -10.8011322469, 0.0, -42.2506842464, 0.0, -47.4179332554, -50.4137602523, 
-3.21760323644, -8.323514238, -3.30172024667, -42.2506842464, 0.0, 0.0, 661.28497275, 45.593141757, 
0.0, 0.0, 0.0, 0.0, 0.0, 0.0, 0.0, 0.0, 
-17.4856182411, -13.8899272457, -21.7838752493, -47.4179332554, 661.28497275, 0.0, 0.0, 141.298540749, 
-42.3238632381, -2.00252124667, -19.8121272475, -50.4137602523, 45.593141757, 0.0, 141.298540749, 0.0, 

0.0, 18.7037507668, 18.0566967577, -10.4216982424, 7.94071176648, -17.4856182411, 0.0, -1.2322742492, 
18.7037507668, 0.0, 17.6669927612, -15.6142472401, 12.8674507663, -13.8899272457, 0.0, 7.67785175145, 
18.0566967577, 17.6669927612, 0.0, -20.8528652415, -10.4105172381, -21.7838752493, 0.0, -69.7957292497, 
-10.4216982424, -15.6142472401, -20.8528652415, 0.0, -7.89678423852, -47.4179332554, 0.0, -33.8774332553, 
7.94071176648, 12.8674507663, -10.4105172381, -7.89678423852, 0.0, 661.28497275, 0.0, 54.078907758, 
-17.4856182411, -13.8899272457, -21.7838752493, -47.4179332554, 661.28497275, 0.0, 0.0, 141.298540749, 
0.0, 0.0, 0.0, 0.0, 0.0, 0.0, 0.0, 0.0, 
-1.2322742492, 7.67785175145, -69.7957292497, -33.8774332553, 54.078907758, 141.298540749, 0.0, 0.0, 

0.0, 25.9055267572, 9.38155075163, -18.6545312479, 0.82949975878, -42.3238632381, -1.2322742492, 0.0, 
25.9055267572, 0.0, 40.1113647521, 0.828863754869, 13.1559347659, -2.00252124667, 7.67785175145, 0.0, 
9.38155075163, 40.1113647521, 0.0, -17.448818244, -3.25720924139, -19.8121272475, -69.7957292497, 0.0, 
-18.6545312479, 0.828863754869, -17.448818244, 0.0, -22.8097332418, -50.4137602523, -33.8774332553, 0.0, 
0.82949975878, 13.1559347659, -3.25720924139, -22.8097332418, 0.0, 45.593141757, 54.078907758, 0.0, 
-42.3238632381, -2.00252124667, -19.8121272475, -50.4137602523, 45.593141757, 0.0, 141.298540749, 0.0, 
-1.2322742492, 7.67785175145, -69.7957292497, -33.8774332553, 54.078907758, 141.298540749, 0.0, 0.0, 
0.0, 0.0, 0.0, 0.0, 0.0, 0.0, 0.0, 0.0, 

];
