% Generated by: ../scripts/flowoutput2dzn.py -t3 ../tap/ChicagoRegional_mods.txt ../data/ChicagoRegional_tripmod1/ChicagoRegional_fw.out.txt ../data/ChicagoRegional_tripmod1/ChicagoRegional_mods_individual.err ../data/ChicagoRegional_tripmod1/ChicagoRegional_mods_pairwise.err 4000000
% On: 04Aug2011 11:18:37
VHT2dollarFactor = 3650.000000 ;
interestRate = 0.040000 ;
t = 10 ;
n = 8;
Budget = 4000000;
upgradeName = ["03_02_9005", "03_03_0101", "03_95_0001", "03_96_0024", "07_06_0014", "07_94_0027", "07_96_0013", "07_97_0055"];
cost = [999999.0, 465000.0, 4000000.0, 999999.98999999999, 472000.0, 700000.0, 748000.0, 3999999.96];
benefitVHT = [6.0766840204596519, 471.01008501648903, 21713.803464017808, 9.1812090203166008, 3563.0596370175481, 481.1562170162797, 17376.913893021643, 3552.5810330212116];
PairMinusSumVHT = [| -6.07668402046, 8.39696498215, 3.8194699809, -24.8298590183, -11.449183017, -12.066606015, 2.34168897569, 4.78672097623, 
| 8.39696498215, -471.010085016, 73.8696529865, 4.13450198621, 13.1202689856, -4.43057700992, 13.7722949833, 34.0108649805, 
| 3.8194699809, 73.8696529865, -21713.803464, 18.8351849839, -17.4326640144, -0.696607016027, -36.5003840178, -52.0358750224, 
| -24.8298590183, 4.13450198621, 18.8351849839, -9.18120902032, -22.2403250188, -8.99103401601, -6.0364850238, 17.0565739796, 
| -11.449183017, 13.1202689856, -17.4326640144, -22.2403250188, -3563.05963702, -118.801207013, 298.252870977, -78.0077020228, 
| -12.066606015, -4.43057700992, -0.696607016027, -8.99103401601, -118.801207013, -481.156217016, 2541.37379998, -258.885419019, 
| 2.34168897569, 13.7722949833, -36.5003840178, -6.0364850238, 298.252870977, 2541.37379998, -17376.913893, -390.576892026, 
| 4.78672097623, 34.0108649805, -52.0358750224, 17.0565739796, -78.0077020228, -258.885419019, -390.576892026, -3552.58103302, 
|];
