% Generated by: ../scripts/flowoutput2dzn.py -i ../tap/ChicagoRegional_mods.txt ../tap/results/ChicagoRegional_fw_out.txt ../tap/results/ChicagoRegional_mods_goliath.err ../tap/results/ChicagoRegional_pairwise.err 10000000
% On: 18Aug2011 15:57:39
%%VHT2dollarFactor = 3650.000000 ;
%%interestRate = 0.040000 ;
n = 8;
Budget = 10000000;
upgradeName = ["03_02_9005", "03_03_0101", "03_95_0001", "03_96_0024", "07_06_0014", "07_94_0027", "07_96_0013", "07_97_0055"];
cost = [999999, 465000, 4000000, 1000000, 472000, 700000, 748000, 4000000];
benefitVHT = [-1, 450, 21673, -16, 3540, 154, 16825, 3372];
PairMinusSumVHT = [| 1, -5, -13, 24, 0, 11, 4, -6, 
| -5, -450, 40, 20, -3, 10, 5, -7, 
| -13, 40, -21673, 30, 6, -2, 85, -7, 
| 24, 20, 30, 16, 27, 31, 23, 31, 
| 0, -3, 6, 27, -3540, 5, 187, 66, 
| 11, 10, -2, 31, 5, -154, 3280, 54, 
| 4, 5, 85, 23, 187, 3280, -16825, -82, 
| -6, -7, -7, 31, 66, 54, -82, -3372, 
|];
